10
8
3
7
1
5
7
14
3
8
10
11
6
14
12
5
4
8
0
9
8
6
2
11
11
12
2
8
11
3
13
1
10
12
8
5
3
0
0
4
2
0
0
2
6
11
12
6
3
8
11
6
11
12
2
10
8
6
5
11
7
4
14
11
2
14
9
7
3
4
0
6
11
7
14
2
1
9
1
10
12
0
4
2
13
3
14
13
1
9
12
13
10
6
14
1
8
10
5
14
1
13
6
6
10
0
7
7
5
13
4
12
0
13
3
0
0
9
9
10
13
3
4
6
1
1
1
12
4
5
14
7
1
10
2
2
11
12
11
14
12
5
12
9
3
3
9
7
1
8
7
3
3
13
9
13
12
0
1
6
7
4
9
9
14
1
9
5
8
7
13
13
0
0
11
14
8
7
12
5
5
6
4
13
5
2
4
14
7
9
14
2
4
11
9
3
9
2
8
0
1
10
14
3
11
0
14
13
14
4
9
6
6
10
11
13
6
14
2
1
2
7
3
13
9
4
13
1
2
2
9
11
4
10
12
10
8
5
4
7
8
7
3
12
7
5
4
2
11
1
13
13
14
6
10
5
14
5
1
8
10
2
12
11
8
12
7
0
13
4
10
3
6
13
4
11
2
13
8
8
9
5
3
14
2
6
10
14
13
0
9
7
0
9
8
9
5
12
