10
8
3
5
14
5
7
14
3
7
10
11
6
14
12
5
12
8
0
8
7
6
7
0
11
12
2
7
2
3
14
14
10
12
8
5
14
0
0
4
7
0
0
7
6
0
0
6
3
8
0
6
11
12
2
7
8
6
5
11
7
4
14
0
2
14
6
7
3
4
0
14
11
7
6
2
14
9
1
5
12
0
4
2
4
3
14
13
1
9
12
14
10
6
1
1
0
10
5
14
1
1
6
6
10
0
2
7
5
14
4
12
0
4
3
0
0
9
9
10
1
3
4
2
1
1
1
12
4
5
14
7
1
10
6
2
11
12
11
14
12
5
12
8
14
3
9
7
1
8
7
14
14
13
9
13
12
0
14
6
2
4
9
9
1
1
9
5
10
2
14
1
0
0
11
14
8
7
12
5
5
6
4
2
5
2
4
1
7
9
14
7
4
11
9
14
9
2
8
0
14
10
14
14
11
0
6
14
0
4
9
6
6
7
11
4
6
14
2
14
2
2
3
2
9
4
1
14
2
2
9
0
4
10
4
10
8
5
4
7
8
7
3
12
9
5
4
7
0
1
4
2
14
6
10
5
14
5
14
8
10
7
12
0
8
12
5
0
14
4
10
3
6
14
4
0
6
14
8
7
6
5
14
14
6
6
10
14
4
0
9
7
0
6
8
9
5
12
