10
7
3
7
14
5
7
14
3
7
10
12
6
14
12
5
12
8
0
9
7
6
7
7
12
12
2
7
2
3
14
14
10
12
9
5
3
3
0
4
7
0
0
7
6
11
7
6
3
8
11
6
7
12
2
7
8
6
5
11
7
12
14
11
2
14
6
7
3
4
0
6
11
7
13
2
1
9
1
7
12
0
4
2
2
3
14
13
1
9
12
14
10
6
1
1
7
10
5
6
1
1
6
6
10
0
7
7
5
14
4
12
0
2
3
0
0
9
9
10
13
3
4
6
1
1
1
12
4
5
14
7
1
10
2
2
11
12
12
14
12
5
12
9
3
3
9
7
1
8
7
3
3
13
9
13
12
0
14
6
2
4
9
9
14
1
9
5
7
7
14
13
0
0
11
13
8
5
12
5
5
6
4
2
5
6
4
14
7
9
14
7
4
11
9
3
9
2
7
0
1
10
14
3
11
0
13
14
0
4
9
6
6
7
11
4
6
14
2
14
2
6
3
2
9
12
13
1
2
2
9
11
12
10
4
7
8
5
4
5
7
7
3
12
9
5
4
7
11
1
4
2
14
6
10
5
14
5
1
8
10
7
12
8
8
12
7
0
14
4
10
3
6
14
4
11
2
14
8
8
9
5
3
14
2
6
10
14
4
0
9
7
0
9
7
9
5
12
