7
8
3
7
1
5
7
14
3
7
7
11
6
14
9
5
12
8
0
9
8
6
7
7
11
12
2
7
2
3
14
1
10
11
8
5
3
14
0
4
7
0
0
7
6
11
14
6
3
7
11
6
11
12
11
10
8
6
5
11
7
4
14
11
2
14
9
7
3
4
0
9
11
7
4
2
1
9
1
10
12
11
4
2
13
3
14
13
1
9
12
14
10
6
1
1
8
10
5
14
1
1
6
6
7
14
7
7
5
14
4
12
13
2
3
11
0
9
9
10
13
3
4
6
1
1
1
12
4
5
14
7
1
10
6
2
11
12
11
14
12
5
12
9
3
14
9
7
1
8
7
3
14
13
9
13
12
0
14
6
7
4
9
9
14
1
9
5
7
7
14
13
14
0
11
14
8
7
12
5
5
6
4
2
5
6
4
14
7
9
6
7
4
11
9
3
9
2
8
0
1
7
14
3
11
0
4
14
8
4
9
6
6
7
11
2
6
14
2
1
2
7
14
2
9
4
13
1
2
2
9
11
4
7
4
7
8
5
4
7
8
7
3
11
7
5
4
7
11
1
4
2
14
6
10
5
14
5
1
8
10
7
12
7
8
12
7
12
14
4
10
3
6
14
4
11
6
14
8
8
9
5
3
14
2
6
10
14
4
0
9
7
0
9
8
9
5
12
