10
8
3
7
14
5
7
14
3
7
10
12
6
14
12
5
12
8
0
9
8
6
7
7
11
12
2
7
2
3
14
14
10
12
8
5
3
3
0
4
7
0
0
7
6
11
0
6
3
8
0
6
11
12
12
10
11
6
5
11
7
4
0
11
2
14
9
7
3
4
0
14
11
7
14
2
1
9
1
10
12
0
4
2
2
3
14
13
1
9
12
14
10
6
1
1
7
10
5
14
1
14
6
6
10
0
7
5
5
14
4
12
0
2
3
0
0
9
9
10
13
3
4
9
1
1
14
12
4
5
14
7
1
10
2
2
11
12
12
14
12
5
12
9
3
3
9
7
1
11
7
3
14
13
9
13
12
0
14
6
7
4
11
9
14
1
9
5
10
7
14
13
0
12
11
14
8
7
12
5
5
6
4
2
5
2
4
14
7
9
14
7
4
11
9
3
9
2
8
0
1
10
14
3
11
0
14
14
14
4
9
6
6
10
11
2
6
14
2
14
2
7
3
2
9
12
13
1
2
2
9
11
12
10
4
10
11
5
4
7
8
7
3
12
7
5
4
7
11
1
4
2
14
6
10
5
14
5
1
8
10
7
12
7
11
12
7
12
14
4
10
3
6
14
4
11
2
14
8
7
9
5
3
14
2
6
10
14
4
0
9
7
0
9
8
9
5
12
