10
8
3
7
14
5
7
2
3
7
10
11
6
14
12
5
4
8
0
9
8
6
7
11
11
12
2
7
9
3
14
14
10
12
8
5
3
3
0
4
7
0
0
7
6
0
14
6
3
8
0
6
11
12
2
10
8
6
5
11
7
4
9
11
2
14
9
7
3
4
0
14
11
7
9
2
1
9
1
10
12
0
4
2
2
3
14
13
1
9
12
14
10
6
1
1
7
10
5
2
1
14
6
6
10
14
7
7
5
14
4
12
14
2
3
0
0
9
9
10
13
3
4
6
1
1
14
12
4
5
14
7
1
10
2
2
12
12
11
14
12
5
12
9
3
3
9
7
1
8
7
3
3
13
9
13
12
0
14
6
7
4
9
9
14
1
9
5
8
7
3
13
0
0
0
9
8
7
12
5
5
6
4
2
5
2
4
14
7
9
9
7
4
11
9
3
9
2
8
0
1
10
14
3
11
0
9
14
0
4
9
6
6
7
11
2
6
3
2
14
2
7
3
2
9
12
13
1
2
2
9
11
4
10
12
7
8
5
4
7
8
7
3
11
7
5
4
7
0
1
2
2
14
6
10
5
14
5
1
8
10
7
12
0
8
12
7
0
14
4
10
3
6
14
4
11
2
14
8
7
9
5
3
3
2
6
10
14
7
0
9
7
0
9
8
9
5
12
